"Rowid_","VALUE_","COUNT_"
,0,5098846
,1,1876307
,2,1985970
,3,1550105
,4,1059435
,5,794944
,6,630149
,7,495260
,8,392751
,9,344107
,10,305937
,11,279528
,12,259931
,13,253889
,14,245085
,15,234181
,16,227482
,17,224978
,18,221739
,19,212914
,20,202149
,21,191245
,22,183095
,23,173219
,24,163299
,25,156517
,26,150291
,27,147174
,28,143170
,29,137538
,30,133575
,31,129779
,32,126580
,33,122883
,34,121169
,35,116915
,36,114670
,37,112037
,38,109613
,39,106465
,40,103944
,41,100570
,42,98097
,43,94875
,44,93207
,45,90313
,46,88803
,47,86068
,48,84639
,49,82595
,50,80259
,51,79033
,52,77326
,53,75154
,54,73882
,55,71694
,56,70572
,57,68533
,58,67666
,59,66513
,60,64552
,61,63453
,62,62497
,63,61059
,64,59484
,65,57900
,66,56933
,67,55626
,68,55201
,69,53306
,70,52544
,71,51490
,72,50378
,73,49081
,74,48659
,75,47647
,76,46371
,77,45667
,78,44458
,79,43272
,80,43035
,81,42000
,82,41182
,83,39932
,84,38822
,85,38211
,86,38123
,87,37066
,88,36061
,89,35836
,90,34881
,91,34054
,92,34068
,93,33489
,94,33289
,95,32314
,96,31653
,97,31131
,98,30533
,99,30464
,100,30053
,101,29740
,102,29438
,103,28971
,104,28241
,105,28051
,106,27340
,107,26900
,108,26499
,109,26390
,110,25833
,111,25587
,112,25427
,113,25170
,114,24483
,115,24769
,116,24092
,117,24042
,118,23269
,119,23346
,120,22819
,121,22394
,122,22110
,123,22011
,124,21699
,125,21296
,126,21083
,127,20903
,128,20513
,129,20227
,130,19906
,131,19733
,132,19501
,133,19275
,134,18674
,135,18742
,136,18607
,137,18176
,138,17945
,139,17999
,140,17416
,141,17290
,142,17095
,143,17078
,144,16829
,145,16797
,146,16632
,147,16543
,148,16127
,149,15994
,150,15657
,151,15332
,152,15517
,153,15233
,154,15287
,155,15077
,156,14811
,157,14899
,158,14878
,159,14443
,160,14310
,161,14211
,162,14380
,163,13888
,164,14032
,165,13887
,166,13649
,167,13748
,168,13457
,169,13302
,170,13118
,171,13031
,172,13055
,173,13167
,174,12905
,175,13014
,176,13141
,177,13035
,178,12376
,179,12277
,180,12203
,181,12105
,182,11846
,183,11889
,184,11864
,185,11648
,186,11600
,187,11560
,188,11486
,189,11348
,190,11458
,191,11227
,192,11178
,193,11250
,194,11012
,195,10914
,196,10526
,197,10803
,198,10341
,199,10588
,200,10464
,201,10178
,202,10352
,203,10132
,204,9999
,205,10038
,206,9937
,207,9898
,208,9835
,209,9754
,210,9562
,211,9517
,212,9618
,213,9492
,214,9362
,215,9399
,216,9129
,217,9197
,218,8895
,219,9026
,220,8985
,221,8539
,222,8706
,223,8613
,224,8420
,225,8403
,226,8294
,227,8447
,228,8216
,229,8146
,230,8100
,231,8205
,232,7997
,233,7835
,234,7859
,235,7942
,236,7946
,237,7859
,238,7757
,239,7723
,240,7543
,241,7543
,242,7674
,243,7479
,244,7580
,245,7460
,246,7518
,247,7219
,248,7295
,249,7243
,250,14329
,252,14036
,254,7190
,255,7122
,256,7113
,257,6934
,258,6837
,259,6774
,260,6706
,261,6720
,262,6759
,263,6839
,264,6562
,265,6521
,266,6517
,267,6477
,268,6525
,269,6333
,270,6484
,271,6351
,272,6347
,273,6345
,274,6218
,275,6234
,276,6209
,277,6296
,278,6069
,279,6256
,280,6202
,281,6078
,282,6029
,283,5893
,284,6021
,285,6208
,286,5941
,287,6071
,288,6022
,289,5782
,290,5831
,291,5978
,292,5875
,293,5745
,294,5847
,295,5767
,296,5590
,297,5835
,298,5668
,299,5513
,300,5692
,301,5522
,302,5635
,303,5525
,304,5599
,305,5617
,306,5385
,307,5579
,308,5565
,309,5434
,310,5286
,311,5534
,312,5331
,313,5439
,314,5279
,315,5367
,316,5297
,317,5403
,318,5402
,319,5278
,320,5359
,321,5335
,322,5216
,323,5104
,324,5160
,325,5170
,326,5226
,327,5287
,328,5170
,329,5040
,330,5073
,331,5192
,332,5192
,333,5066
,334,5236
,335,5243
,336,5145
,337,5042
,338,4834
,339,5117
,340,5052
,341,4962
,342,5073
,343,4988
,344,5200
,345,5000
,346,4959
,347,4989
,348,5081
,349,4964
,350,4964
,351,4941
,352,4949
,353,4997
,354,4929
,355,4831
,356,4944
,357,4976
,358,4741
,359,4904
,360,4753
,361,4869
,362,5058
,363,4882
,364,4768
,365,4886
,366,4838
,367,4951
,368,4813
,369,4967
,370,4779
,371,4736
,372,4809
,373,4759
,374,4704
,375,4859
,376,4740
,377,4807
,378,4743
,379,4902
,380,4845
,381,4916
,382,4787
,383,4839
,384,4867
,385,4960
,386,4896
,387,4823
,388,4904
,389,4768
,390,4798
,391,4829
,392,4917
,393,4909
,394,4946
,395,4876
,396,4737
,397,4894
,398,4941
,399,4815
,400,4730
,401,4700
,402,4832
,403,4963
,404,4727
,405,4820
,406,4750
,407,4890
,408,4756
,409,4782
,410,4891
,411,4676
,412,4909
,413,4798
,414,4736
,415,4867
,416,4719
,417,4749
,418,4839
,419,4812
,420,4789
,421,4806
,422,4899
,423,4762
,424,4705
,425,4864
,426,4890
,427,4756
,428,4686
,429,4737
,430,4848
,431,4851
,432,4807
,433,4793
,434,4737
,435,4786
,436,4682
,437,4792
,438,4892
,439,4891
,440,4884
,441,4965
,442,4894
,443,5061
,444,5055
,445,4932
,446,5005
,447,4939
,448,4989
,449,4880
,450,5115
,451,5041
,452,5093
,453,4885
,454,4895
,455,4872
,456,4846
,457,4948
,458,4997
,459,4885
,460,4986
,461,4853
,462,4949
,463,4913
,464,4786
,465,5051
,466,4959
,467,5007
,468,5033
,469,4909
,470,4949
,471,4802
,472,4872
,473,4854
,474,4769
,475,4809
,476,4839
,477,4874
,478,4890
,479,4891
,480,4852
,481,4764
,482,5109
,483,4894
,484,4767
,485,4935
,486,4963
,487,4771
,488,4849
,489,4818
,490,4863
,491,4970
,492,4813
,493,4779
,494,4750
,495,4717
,496,4691
,497,4744
,498,4673
,499,4789
,500,4716
,501,9221
,503,4502
,504,4575
,505,8744
,507,4403
,508,4328
,509,4470
,510,9031
,512,4450
,513,4372
,514,4338
,515,4367
,516,4229
,517,4247
,518,4215
,519,4162
,520,4323
,521,4286
,522,4237
,523,4221
,524,4195
,525,4233
,526,4090
,527,4147
,528,4197
,529,4105
,530,4046
,531,4136
,532,4020
,533,4068
,534,4030
,535,4089
,536,3985
,537,3990
,538,4124
,539,3997
,540,4017
,541,4025
,542,4011
,543,4031
,544,4024
,545,4045
,546,4043
,547,3967
,548,4047
,549,4048
,550,4026
,551,4059
,552,4060
,553,3993
,554,3922
,555,4207
,556,4116
,557,4052
,558,3982
,559,4010
,560,4020
,561,4005
,562,4022
,563,3966
,564,3924
,565,3978
,566,3926
,567,4021
,568,4030
,569,3923
,570,3913
,571,3841
,572,3826
,573,4020
,574,3900
,575,3798
,576,3797
,577,3906
,578,3876
,579,3897
,580,3879
,581,3730
,582,3807
,583,3675
,584,3766
,585,3805
,586,3751
,587,3887
,588,3705
,589,3852
,590,3808
,591,3814
,592,3785
,593,3784
,594,3631
,595,3626
,596,3729
,597,3632
,598,3632
,599,3533
,600,3606
,601,3534
,602,3482
,603,3556
,604,3386
,605,3489
,606,3396
,607,3375
,608,3411
,609,3276
,610,3341
,611,3064
,612,3224
,613,3171
,614,3048
,615,3071
,616,2976
,617,2915
,618,2830
,619,2821
,620,2741
,621,2748
,622,2620
,623,2517
,624,2510
,625,2439
,626,2363
,627,2411
,628,2323
,629,2194
,630,2158
,631,2093
,632,2071
,633,2061
,634,2089
,635,2016
,636,1975
,637,1947
,638,1818
,639,1710
,640,1737
,641,1735
,642,1713
,643,1744
,644,1652
,645,1525
,646,1655
,647,1596
,648,1516
,649,1470
,650,1423
,651,1406
,652,1346
,653,1360
,654,1375
,655,1339
,656,1376
,657,1232
,658,1261
,659,1232
,660,1289
,661,1211
,662,1190
,663,1157
,664,1220
,665,1179
,666,1139
,667,1162
,668,1123
,669,1130
,670,1125
,671,1070
,672,1069
,673,986
,674,1013
,675,997
,676,955
,677,1018
,678,986
,679,930
,680,966
,681,982
,682,949
,683,949
,684,957
,685,939
,686,905
,687,911
,688,903
,689,944
,690,910
,691,853
,692,955
,693,865
,694,849
,695,874
,696,901
,697,864
,698,886
,699,846
,700,865
,701,823
,702,941
,703,890
,704,812
,705,910
,706,820
,707,913
,708,825
,709,848
,710,825
,711,858
,712,840
,713,809
,714,838
,715,831
,716,781
,717,800
,718,833
,719,764
,720,765
,721,764
,722,854
,723,802
,724,806
,725,823
,726,836
,727,820
,728,801
,729,793
,730,841
,731,802
,732,826
,733,838
,734,811
,735,903
,736,891
,737,882
,738,835
,739,795
,740,819
,741,839
,742,816
,743,813
,744,815
,745,751
,746,798
,747,779
,748,854
,749,756
,750,857
,751,804
,752,818
,753,868
,754,799
,755,855
,756,793
,757,788
,758,791
,759,790
,760,787
,761,800
,762,791
,763,790
,764,789
,765,786
,766,770
,767,765
,768,792
,769,772
,770,807
,771,785
,772,728
,773,778
,774,820
,775,758
,776,798
,777,714
,778,715
,779,721
,780,663
,781,675
,782,694
,783,601
,784,671
,785,656
,786,646
,787,610
,788,587
,789,598
,790,577
,791,540
,792,551
,793,575
,794,538
,795,548
,796,559
,797,556
,798,549
,799,556
,800,524
,801,572
,802,546
,803,479
,804,478
,805,489
,806,510
,807,466
,808,450
,809,453
,810,403
,811,409
,812,380
,813,348
,814,351
,815,371
,816,362
,817,320
,818,322
,819,342
,820,301
,821,306
,822,319
,823,281
,824,284
,825,325
,826,269
,827,288
,828,311
,829,324
,830,288
,831,265
,832,302
,833,256
,834,234
,835,259
,836,206
,837,213
,838,240
,839,261
,840,221
,841,222
,842,201
,843,181
,844,166
,845,147
,846,147
,847,140
,848,109
,849,124
,850,105
,851,84
,852,96
,853,96
,854,83
,855,84
,856,78
,857,78
,858,70
,859,68
,860,81
,861,79
,862,65
,863,74
,864,65
,865,63
,866,52
,867,75
,868,74
,869,61
,870,60
,871,52
,872,63
,873,74
,874,59
,875,58
,876,61
,877,43
,878,52
,879,42
,880,37
,881,51
,882,45
,883,42
,884,42
,885,46
,886,41
,887,44
,888,39
,889,23
,890,26
,891,25
,892,29
,893,24
,894,18
,895,16
,896,23
,897,18
,898,24
,899,18
,900,10
,901,15
,902,22
,903,16
,904,10
,905,23
,906,20
,907,14
,908,6
,909,5
,910,14
,911,12
,912,10
,913,19
,914,7
,915,10
,916,15
,917,10
,918,9
,919,8
,920,13
,921,10
,922,16
,923,12
,924,9
,925,22
,926,11
,927,10
,928,10
,929,15
,930,11
,931,12
,932,8
,933,10
,934,9
,935,13
,936,7
,937,9
,938,7
,939,10
,940,11
,941,16
,942,22
,943,12
,944,13
,945,16
,946,13
,947,7
,948,18
,949,8
,950,13
,951,8
,952,16
,953,12
,954,5
,955,10
,956,15
,957,10
,958,9
,959,14
,960,11
,961,7
,962,14
,963,11
,964,6
,965,8
,966,8
,967,10
,968,8
,969,8
,970,11
,971,12
,972,9
,973,9
,974,12
,975,11
,976,9
,977,12
,978,6
,979,6
,980,10
,981,5
,982,7
,983,6
,984,20
,985,11
,986,5
,987,8
,988,4
,989,4
,990,1
,991,1
,992,3
,993,2
,994,2
,995,3
,996,3
,997,1
,998,7
,999,7
,1000,6
