"Rowid_","VALUE_","COUNT_"
,0,1320467
,1,979956
,2,827480
,3,751821
,4,631754
,5,555887
,6,495429
,7,453722
,8,426640
,9,405213
,10,388015
,11,377130
,12,361982
,13,351998
,14,342347
,15,333344
,16,324729
,17,313389
,18,304753
,19,295524
,20,286361
,21,277069
,22,270822
,23,264050
,24,259322
,25,254652
,26,252285
,27,249723
,28,247290
,29,245382
,30,243702
,31,241182
,32,240589
,33,239708
,34,239080
,35,238485
,36,236942
,37,236827
,38,236999
,39,234671
,40,235630
,41,233290
,42,234453
,43,233343
,44,233539
,45,235475
,46,235216
,47,237888
,48,238752
,49,239877
,50,242699
,51,244042
,52,246128
,53,246527
,54,247578
,55,251944
,56,252433
,57,254671
,58,258343
,59,260469
,60,262581
,61,264909
,62,267492
,63,269194
,64,271581
,65,276193
,66,279287
,67,284590
,68,290473
,69,293918
,70,300276
,71,305016
,72,311300
,73,313708
,74,314905
,75,314791
,76,314545
,77,314102
,78,313019
,79,311027
,80,312984
,81,312153
,82,313611
,83,312695
,84,311823
,85,312457
,86,310478
,87,308534
,88,308004
,89,305990
,90,307552
,91,303002
,92,304600
,93,302278
,94,301204
,95,301821
,96,299412
,97,299981
,98,298036
,99,296045
,100,296391
,101,292992
,102,292517
,103,289341
,104,287228
,105,285975
,106,282850
,107,283033
,108,280198
,109,277168
,110,277515
,111,273675
,112,274249
,113,273130
,114,270165
,115,269665
,116,267659
,117,267249
,118,264396
,119,262647
,120,262704
,121,261486
,122,259443
,123,258621
,124,257208
,125,256294
,126,253774
,127,255082
,128,253511
,129,252080
,130,251197
,131,249569
,132,248201
,133,247017
,134,247438
,135,246756
,136,244317
,137,244696
,138,243457
,139,241894
,140,240908
,141,239401
,142,239031
,143,237295
,144,235810
,145,234773
,146,234365
,147,232978
,148,232127
,149,231307
,150,228542
,151,228331
,152,227414
,153,224719
,154,222968
,155,221833
,156,220658
,157,219464
,158,219194
,159,217698
,160,216190
,161,216496
,162,215280
,163,215739
,164,213920
,165,214848
,166,213399
,167,213100
,168,213329
,169,212524
,170,213465
,171,212834
,172,212402
,173,210445
,174,208479
,175,209825
,176,208262
,177,206328
,178,207342
,179,206660
,180,205780
,181,204319
,182,206345
,183,204717
,184,203231
,185,201258
,186,199064
,187,196642
,188,195667
,189,194901
,190,194569
,191,192324
,192,193867
,193,194862
,194,192650
,195,192183
,196,193811
,197,193733
,198,196014
,199,196272
,200,196674
,201,197200
,202,196452
,203,200623
,204,198118
,205,199571
,206,201419
,207,194900
,208,197668
,209,190347
,210,190713
,211,190076
,212,189867
,213,189394
,214,188149
,215,190884
,216,191176
,217,192473
,218,191860
,219,193531
,220,193219
,221,192937
,222,192785
,223,193336
,224,194472
,225,194811
,226,195495
,227,194568
,228,196442
,229,197709
,230,199960
,231,199878
,232,201356
,233,202878
,234,204231
,235,204845
,236,202207
,237,203632
,238,203856
,239,202434
,240,201354
,241,200309
,242,200567
,243,199005
,244,198433
,245,199488
,246,201826
,247,201952
,248,203573
,249,202200
,250,404012
,252,412451
,254,207780
,255,207764
,256,203873
,257,203225
,258,202026
,259,200919
,260,200471
,261,200121
,262,200792
,263,199760
,264,200135
,265,201671
,266,201609
,267,200897
,268,201125
,269,201318
,270,201826
,271,201303
,272,200188
,273,200053
,274,199284
,275,199493
,276,197011
,277,197348
,278,197435
,279,199027
,280,198338
,281,198059
,282,198730
,283,198892
,284,199932
,285,200642
,286,199727
,287,197956
,288,197167
,289,196042
,290,193717
,291,192987
,292,192519
,293,192337
,294,192411
,295,191931
,296,194319
,297,195319
,298,195101
,299,194951
,300,196620
,301,195615
,302,197363
,303,194280
,304,193958
,305,193806
,306,187107
,307,187110
,308,185121
,309,183462
,310,184261
,311,183600
,312,184854
,313,184625
,314,184363
,315,185456
,316,184705
,317,184875
,318,185053
,319,182558
,320,182582
,321,181843
,322,180786
,323,179611
,324,178387
,325,178252
,326,176695
,327,176086
,328,175742
,329,174475
,330,174089
,331,173147
,332,171372
,333,170440
,334,169807
,335,168563
,336,168553
,337,167864
,338,166430
,339,163452
,340,160787
,341,159876
,342,158835
,343,158932
,344,160469
,345,160817
,346,163243
,347,165567
,348,166388
,349,167064
,350,167929
,351,167240
,352,172829
,353,169814
,354,171714
,355,170957
,356,163915
,357,164069
,358,162253
,359,163436
,360,162618
,361,161512
,362,161292
,363,160508
,364,160545
,365,160564
,366,160721
,367,160374
,368,160131
,369,160119
,370,159228
,371,155999
,372,157636
,373,156745
,374,156530
,375,155627
,376,154059
,377,154464
,378,153910
,379,151872
,380,151268
,381,150316
,382,149809
,383,148730
,384,148149
,385,148703
,386,147308
,387,148649
,388,144577
,389,142671
,390,141257
,391,140601
,392,140334
,393,140723
,394,141338
,395,139461
,396,141293
,397,143885
,398,145104
,399,144781
,400,146751
,401,143633
,402,150403
,403,143798
,404,145888
,405,146372
,406,141826
,407,140208
,408,139241
,409,138514
,410,137506
,411,136940
,412,136579
,413,135924
,414,135297
,415,135580
,416,135373
,417,135359
,418,135644
,419,134680
,420,135359
,421,134933
,422,135207
,423,134930
,424,134914
,425,134364
,426,134299
,427,134280
,428,133116
,429,132622
,430,133220
,431,132677
,432,132462
,433,131970
,434,131259
,435,130342
,436,130426
,437,130014
,438,128768
,439,125037
,440,124826
,441,123996
,442,123650
,443,123402
,444,122723
,445,122180
,446,123662
,447,128117
,448,127157
,449,128036
,450,129062
,451,125775
,452,129699
,453,126832
,454,127194
,455,127169
,456,122897
,457,123887
,458,122632
,459,121722
,460,121487
,461,120353
,462,121181
,463,119758
,464,118267
,465,117100
,466,116508
,467,116352
,468,115861
,469,115037
,470,115836
,471,114783
,472,114375
,473,114703
,474,114096
,475,113376
,476,113202
,477,112967
,478,112450
,479,111843
,480,111762
,481,111942
,482,111343
,483,111698
,484,110751
,485,110672
,486,110656
,487,109936
,488,110437
,489,109197
,490,107764
,491,107015
,492,107546
,493,106468
,494,106588
,495,105083
,496,104998
,497,104029
,498,104724
,499,104049
,500,104119
,501,207613
,503,103028
,504,103014
,505,204142
,507,101349
,508,100851
,509,100251
,510,199321
,512,98432
,513,99237
,514,98624
,515,98620
,516,98405
,517,98216
,518,97919
,519,97299
,520,97544
,521,96442
,522,96366
,523,96384
,524,95091
,525,95134
,526,94898
,527,94617
,528,93851
,529,93490
,530,92840
,531,93787
,532,93051
,533,93473
,534,92336
,535,92308
,536,91819
,537,92438
,538,92066
,539,91666
,540,91687
,541,91036
,542,91203
,543,90560
,544,90206
,545,90378
,546,90270
,547,90046
,548,89217
,549,88511
,550,87932
,551,88944
,552,88602
,553,88441
,554,87738
,555,87549
,556,87747
,557,87474
,558,87477
,559,86835
,560,87181
,561,86906
,562,87192
,563,86464
,564,86512
,565,86405
,566,86354
,567,86650
,568,86520
,569,85974
,570,85894
,571,86303
,572,84787
,573,84610
,574,84398
,575,85637
,576,84676
,577,84672
,578,84208
,579,84676
,580,84282
,581,83895
,582,84128
,583,83853
,584,83795
,585,82945
,586,82979
,587,82519
,588,82572
,589,82572
,590,81922
,591,81966
,592,81253
,593,82014
,594,81425
,595,81259
,596,80918
,597,81009
,598,80266
,599,80998
,600,80865
,601,79244
,602,80461
,603,79936
,604,79636
,605,79815
,606,79613
,607,79075
,608,78355
,609,78942
,610,78123
,611,78220
,612,78477
,613,78453
,614,77994
,615,78049
,616,78126
,617,77990
,618,77845
,619,78188
,620,77749
,621,77235
,622,77553
,623,77675
,624,77607
,625,77818
,626,77497
,627,77070
,628,77237
,629,76624
,630,76759
,631,76488
,632,76330
,633,76378
,634,76073
,635,76197
,636,75777
,637,75977
,638,75655
,639,75244
,640,74839
,641,75591
,642,75965
,643,74842
,644,74531
,645,74998
,646,74602
,647,74600
,648,74541
,649,74901
,650,74581
,651,74166
,652,74426
,653,74137
,654,73483
,655,73843
,656,73527
,657,73582
,658,72716
,659,72888
,660,72669
,661,72852
,662,72376
,663,72577
,664,72426
,665,71697
,666,71541
,667,71883
,668,71383
,669,71425
,670,71560
,671,71586
,672,71244
,673,71249
,674,71144
,675,71072
,676,70492
,677,71171
,678,70930
,679,70815
,680,70871
,681,70710
,682,70893
,683,70449
,684,70468
,685,70094
,686,70441
,687,70597
,688,70473
,689,70381
,690,70594
,691,70672
,692,70525
,693,70534
,694,70311
,695,70188
,696,70699
,697,70386
,698,70486
,699,69910
,700,70097
,701,70120
,702,70401
,703,69591
,704,69861
,705,70338
,706,70110
,707,69980
,708,70189
,709,70255
,710,69960
,711,70602
,712,70077
,713,70973
,714,70375
,715,71165
,716,70984
,717,70540
,718,71299
,719,70977
,720,71401
,721,71605
,722,71371
,723,71621
,724,71478
,725,72145
,726,72341
,727,73163
,728,72431
,729,72658
,730,73146
,731,73540
,732,73280
,733,73776
,734,74005
,735,74711
,736,74672
,737,75293
,738,75727
,739,76228
,740,76354
,741,76243
,742,77707
,743,77309
,744,77253
,745,77378
,746,78314
,747,79140
,748,79306
,749,79468
,750,80425
,751,80661
,752,81465
,753,80777
,754,81521
,755,82297
,756,82522
,757,82702
,758,82654
,759,82767
,760,83231
,761,83673
,762,83549
,763,83387
,764,84205
,765,83997
,766,84684
,767,83926
,768,84336
,769,84909
,770,86559
,771,87433
,772,87204
,773,88515
,774,89547
,775,89534
,776,89200
,777,89955
,778,90607
,779,93057
,780,91402
,781,91678
,782,89856
,783,91038
,784,88975
,785,87649
,786,87056
,787,87716
,788,86155
,789,86276
,790,87392
,791,86629
,792,86969
,793,86834
,794,87213
,795,87135
,796,86075
,797,86479
,798,86128
,799,86552
,800,86174
,801,86202
,802,85442
,803,85147
,804,83604
,805,83993
,806,83698
,807,83125
,808,83178
,809,83626
,810,83471
,811,83740
,812,83614
,813,83626
,814,82589
,815,81323
,816,81094
,817,80614
,818,81440
,819,80461
,820,81272
,821,79805
,822,79817
,823,79309
,824,79390
,825,79261
,826,79611
,827,78623
,828,78824
,829,78034
,830,78468
,831,77988
,832,77251
,833,77415
,834,76430
,835,76398
,836,75559
,837,75542
,838,76060
,839,75744
,840,74942
,841,75397
,842,74409
,843,74252
,844,74400
,845,73656
,846,73420
,847,73571
,848,72930
,849,72540
,850,72476
,851,71991
,852,71956
,853,72367
,854,71595
,855,71307
,856,71125
,857,70083
,858,70260
,859,69731
,860,69105
,861,68642
,862,67960
,863,67908
,864,67115
,865,66783
,866,65757
,867,64810
,868,63973
,869,63843
,870,62814
,871,62105
,872,61288
,873,61129
,874,60404
,875,59113
,876,58801
,877,57971
,878,57613
,879,56974
,880,56150
,881,55931
,882,55285
,883,55310
,884,54345
,885,54431
,886,53660
,887,53487
,888,53668
,889,53280
,890,53348
,891,52620
,892,53108
,893,52551
,894,52508
,895,52193
,896,52115
,897,52068
,898,52210
,899,51923
,900,51384
,901,52025
,902,51283
,903,51748
,904,51440
,905,52081
,906,51864
,907,52655
,908,53461
,909,53860
,910,52951
,911,52859
,912,52868
,913,52534
,914,52575
,915,51727
,916,51534
,917,51616
,918,51064
,919,51231
,920,50530
,921,50718
,922,49914
,923,51039
,924,50748
,925,50332
,926,50015
,927,50404
,928,50652
,929,50197
,930,49808
,931,50179
,932,50210
,933,50883
,934,51185
,935,51791
,936,52747
,937,53582
,938,52935
,939,54854
,940,53758
,941,54004
,942,54137
,943,54990
,944,55535
,945,56368
,946,57240
,947,57687
,948,58288
,949,58936
,950,59757
,951,60384
,952,61656
,953,62713
,954,64307
,955,65191
,956,65640
,957,67462
,958,68819
,959,70390
,960,71319
,961,73887
,962,75731
,963,76910
,964,79189
,965,81478
,966,82769
,967,85763
,968,87852
,969,90291
,970,93713
,971,96061
,972,99911
,973,102947
,974,108404
,975,112744
,976,119372
,977,126507
,978,132476
,979,142624
,980,151875
,981,163160
,982,173926
,983,188281
,984,201052
,985,216210
,986,232066
,987,247881
,988,265720
,989,288764
,990,317652
,991,352207
,992,386339
,993,430581
,994,481899
,995,467657
,996,683511
,997,730128
,998,921870
,999,1341099
,1000,852530
