"Rowid_","VALUE_","COUNT_"
,0,436419
,1,504146
,2,300928
,3,223640
,4,210528
,5,187751
,6,189614
,7,179493
,8,169896
,9,165547
,10,158713
,11,152885
,12,145919
,13,140607
,14,134942
,15,128744
,16,124411
,17,120608
,18,115923
,19,112374
,20,109259
,21,105682
,22,103301
,23,101158
,24,99023
,25,95767
,26,93957
,27,91165
,28,90053
,29,87160
,30,84035
,31,82336
,32,81782
,33,81216
,34,81069
,35,79653
,36,79316
,37,78447
,38,78590
,39,85607
,40,80616
,41,75699
,42,73214
,43,70036
,44,68207
,45,66515
,46,66091
,47,65259
,48,64673
,49,64360
,50,64329
,51,64204
,52,64039
,53,64282
,54,63976
,55,63560
,56,63325
,57,63427
,58,64777
,59,64479
,60,65912
,61,65839
,62,65338
,63,65426
,64,67268
,65,72581
,66,79773
,67,86831
,68,87208
,69,80303
,70,77360
,71,75422
,72,75420
,73,76945
,74,80840
,75,92809
,76,107893
,77,119818
,78,126917
,79,125979
,80,118392
,81,108637
,82,101295
,83,95836
,84,87774
,85,79959
,86,70947
,87,64993
,88,63375
,89,57778
,90,55229
,91,55565
,92,55394
,93,55859
,94,55786
,95,56588
,96,56311
,97,56381
,98,56676
,99,56940
,100,57158
,101,58177
,102,57573
,103,58309
,104,58657
,105,59007
,106,59021
,107,59969
,108,60007
,109,60172
,110,60415
,111,61018
,112,61039
,113,60942
,114,60981
,115,62110
,116,61992
,117,61681
,118,61474
,119,61187
,120,61036
,121,61926
,122,62169
,123,61454
,124,62749
,125,62940
,126,63681
,127,63984
,128,63787
,129,63674
,130,63738
,131,63544
,132,63589
,133,63478
,134,63484
,135,63089
,136,62845
,137,62843
,138,63147
,139,63496
,140,63750
,141,63262
,142,62899
,143,63022
,144,62900
,145,62594
,146,62237
,147,62086
,148,62045
,149,62650
,150,62496
,151,63140
,152,62071
,153,62826
,154,62254
,155,62191
,156,62643
,157,62660
,158,62286
,159,61697
,160,61610
,161,61675
,162,60362
,163,60150
,164,60025
,165,59434
,166,59118
,167,59035
,168,58103
,169,58331
,170,57849
,171,57250
,172,57926
,173,57612
,174,57972
,175,57600
,176,57461
,177,56988
,178,56840
,179,56464
,180,56833
,181,56408
,182,55733
,183,55320
,184,55357
,185,54562
,186,54376
,187,53678
,188,53027
,189,52772
,190,52018
,191,52311
,192,51545
,193,50958
,194,50535
,195,50010
,196,49511
,197,49069
,198,48588
,199,48409
,200,47796
,201,47468
,202,47225
,203,46614
,204,45755
,205,45781
,206,45840
,207,44670
,208,44490
,209,43795
,210,43662
,211,43817
,212,42839
,213,42479
,214,42476
,215,41366
,216,41654
,217,41450
,218,40770
,219,40824
,220,40380
,221,39748
,222,39407
,223,39509
,224,39321
,225,38817
,226,38748
,227,37962
,228,37797
,229,37606
,230,36894
,231,36718
,232,36436
,233,36099
,234,36114
,235,35161
,236,35340
,237,34853
,238,35042
,239,34639
,240,34099
,241,34312
,242,33529
,243,32927
,244,33111
,245,32609
,246,32531
,247,32462
,248,32001
,249,31917
,250,62942
,252,62104
,254,30946
,255,30449
,256,30574
,257,30240
,258,29953
,259,29972
,260,29882
,261,29724
,262,29212
,263,29177
,264,29267
,265,29126
,266,29259
,267,28389
,268,28417
,269,28548
,270,28412
,271,28167
,272,27931
,273,27741
,274,27646
,275,27400
,276,27473
,277,27334
,278,27442
,279,26980
,280,26605
,281,26778
,282,26760
,283,26646
,284,26597
,285,26349
,286,26100
,287,25765
,288,25765
,289,25797
,290,25816
,291,25562
,292,25631
,293,25423
,294,24849
,295,25242
,296,24927
,297,24988
,298,24889
,299,24811
,300,24589
,301,24369
,302,24760
,303,24294
,304,24550
,305,24591
,306,24162
,307,24658
,308,24114
,309,24247
,310,24020
,311,23811
,312,24033
,313,24166
,314,23907
,315,23640
,316,23825
,317,23684
,318,23609
,319,23436
,320,23676
,321,23560
,322,23337
,323,23402
,324,23040
,325,22959
,326,22839
,327,22968
,328,22740
,329,22814
,330,22731
,331,22757
,332,22421
,333,22382
,334,22347
,335,21905
,336,22132
,337,21813
,338,21750
,339,21670
,340,21293
,341,21730
,342,21647
,343,21586
,344,21221
,345,21173
,346,21395
,347,20927
,348,21239
,349,21174
,350,21026
,351,20918
,352,20870
,353,20524
,354,20830
,355,20541
,356,20443
,357,20767
,358,20516
,359,20899
,360,20564
,361,20418
,362,20522
,363,20051
,364,20490
,365,20149
,366,20097
,367,20239
,368,20272
,369,19657
,370,19993
,371,19993
,372,19957
,373,19858
,374,19566
,375,19626
,376,19854
,377,19452
,378,19465
,379,19335
,380,19289
,381,19020
,382,19007
,383,19058
,384,18974
,385,19084
,386,19070
,387,18912
,388,18647
,389,18826
,390,18391
,391,18737
,392,18288
,393,18531
,394,18210
,395,18171
,396,18366
,397,18241
,398,17978
,399,18145
,400,18074
,401,18345
,402,17940
,403,17938
,404,17456
,405,17724
,406,17555
,407,17887
,408,17596
,409,17464
,410,17232
,411,17378
,412,17380
,413,17619
,414,17453
,415,17275
,416,17349
,417,17527
,418,17067
,419,17367
,420,17149
,421,16780
,422,16739
,423,16828
,424,16555
,425,16795
,426,16565
,427,16871
,428,16899
,429,16469
,430,16586
,431,16356
,432,16442
,433,16261
,434,16030
,435,16035
,436,16111
,437,15894
,438,15896
,439,16145
,440,15879
,441,16519
,442,16309
,443,15959
,444,16218
,445,15876
,446,15847
,447,15654
,448,16017
,449,15859
,450,15880
,451,16045
,452,15562
,453,15872
,454,16096
,455,15705
,456,16096
,457,15974
,458,15588
,459,15553
,460,15236
,461,15640
,462,15323
,463,15574
,464,15507
,465,15223
,466,15359
,467,14869
,468,15206
,469,15070
,470,15044
,471,15356
,472,15203
,473,15000
,474,15096
,475,15138
,476,14992
,477,15088
,478,15227
,479,14911
,480,14914
,481,14975
,482,14972
,483,14897
,484,15031
,485,15025
,486,15200
,487,14961
,488,14707
,489,15070
,490,14902
,491,15005
,492,14937
,493,14969
,494,15008
,495,14946
,496,14641
,497,14689
,498,14612
,499,14656
,500,14787
,501,29213
,503,14514
,504,14918
,505,29369
,507,14708
,508,14678
,509,14831
,510,29735
,512,15290
,513,14982
,514,15159
,515,14710
,516,15388
,517,15114
,518,15232
,519,15476
,520,15584
,521,15722
,522,15358
,523,15567
,524,15795
,525,16017
,526,15844
,527,15800
,528,15933
,529,15756
,530,15410
,531,15444
,532,15137
,533,15163
,534,15088
,535,14815
,536,14917
,537,15040
,538,14920
,539,14539
,540,14618
,541,14388
,542,14302
,543,14540
,544,14648
,545,14440
,546,14763
,547,14401
,548,14282
,549,14520
,550,14486
,551,14450
,552,14362
,553,14282
,554,14322
,555,14392
,556,14220
,557,14506
,558,14105
,559,14170
,560,14339
,561,15168
,562,15097
,563,14015
,564,13751
,565,13932
,566,13933
,567,13956
,568,13986
,569,13949
,570,13760
,571,13819
,572,13506
,573,13703
,574,13816
,575,13826
,576,13826
,577,13706
,578,13858
,579,13629
,580,13829
,581,14029
,582,13841
,583,13848
,584,13692
,585,14205
,586,14497
,587,14338
,588,14537
,589,14331
,590,14205
,591,14454
,592,14396
,593,14210
,594,14487
,595,14281
,596,14579
,597,14365
,598,14338
,599,14180
,600,13731
,601,14097
,602,13829
,603,13901
,604,13833
,605,13760
,606,13730
,607,13972
,608,13759
,609,13790
,610,13868
,611,15359
,612,14952
,613,13625
,614,13217
,615,12820
,616,12672
,617,12667
,618,12591
,619,12492
,620,12262
,621,12227
,622,12780
,623,12752
,624,12683
,625,12539
,626,13067
,627,12873
,628,12947
,629,12774
,630,12719
,631,12875
,632,12453
,633,12502
,634,12713
,635,12492
,636,12592
,637,12338
,638,12401
,639,12381
,640,12592
,641,12578
,642,12794
,643,12405
,644,12632
,645,12800
,646,12545
,647,12805
,648,12979
,649,12966
,650,12758
,651,13093
,652,13291
,653,13238
,654,13154
,655,13301
,656,13260
,657,13321
,658,13668
,659,14272
,660,14668
,661,15193
,662,14309
,663,13379
,664,13482
,665,13530
,666,13428
,667,13623
,668,13505
,669,14104
,670,13660
,671,13712
,672,13534
,673,13432
,674,13246
,675,13370
,676,13428
,677,13382
,678,14676
,679,14170
,680,13998
,681,14279
,682,14278
,683,14669
,684,14428
,685,14730
,686,14712
,687,14621
,688,14421
,689,14632
,690,14502
,691,14089
,692,14079
,693,14183
,694,13865
,695,13202
,696,13385
,697,13178
,698,13140
,699,13223
,700,12909
,701,12937
,702,12540
,703,12587
,704,12394
,705,12143
,706,12350
,707,12214
,708,13876
,709,14072
,710,13811
,711,13202
,712,12098
,713,11901
,714,11310
,715,11293
,716,11359
,717,11188
,718,10644
,719,10743
,720,10844
,721,10774
,722,10723
,723,10631
,724,10356
,725,10124
,726,10015
,727,10107
,728,10058
,729,9815
,730,9613
,731,9590
,732,9541
,733,9230
,734,9350
,735,9043
,736,9145
,737,8648
,738,8517
,739,8784
,740,8196
,741,8323
,742,8259
,743,8045
,744,7948
,745,7731
,746,7857
,747,7869
,748,7714
,749,7491
,750,7388
,751,7505
,752,7523
,753,7341
,754,7101
,755,7268
,756,7206
,757,6947
,758,7272
,759,7152
,760,7188
,761,7281
,762,6954
,763,6705
,764,6662
,765,6680
,766,6463
,767,5994
,768,5767
,769,5824
,770,5658
,771,5472
,772,5488
,773,5341
,774,5097
,775,5239
,776,5199
,777,5097
,778,5043
,779,5115
,780,4969
,781,4934
,782,5028
,783,4874
,784,4812
,785,4969
,786,4784
,787,4884
,788,4740
,789,4682
,790,4831
,791,4564
,792,4534
,793,4211
,794,4322
,795,4312
,796,4244
,797,4066
,798,4075
,799,3982
,800,3845
,801,3915
,802,3847
,803,3813
,804,3832
,805,3605
,806,3589
,807,3672
,808,3616
,809,3517
,810,3457
,811,3583
,812,3489
,813,3337
,814,3207
,815,3153
,816,3029
,817,3032
,818,3036
,819,3003
,820,2900
,821,3035
,822,2955
,823,2965
,824,2859
,825,2824
,826,2746
,827,2810
,828,2801
,829,2616
,830,2782
,831,2811
,832,2597
,833,2599
,834,2527
,835,2625
,836,2556
,837,2555
,838,2616
,839,2571
,840,2410
,841,2437
,842,2312
,843,2358
,844,2339
,845,2296
,846,2220
,847,2249
,848,2136
,849,2330
,850,2259
,851,2236
,852,2277
,853,2203
,854,2247
,855,2366
,856,2226
,857,2180
,858,2258
,859,2062
,860,2157
,861,2209
,862,2133
,863,2160
,864,2120
,865,2079
,866,2096
,867,2076
,868,2003
,869,2052
,870,2022
,871,2075
,872,1983
,873,2006
,874,1971
,875,1864
,876,1896
,877,1927
,878,1780
,879,1773
,880,1816
,881,1798
,882,1781
,883,1839
,884,1792
,885,1745
,886,1750
,887,1691
,888,1697
,889,1795
,890,1689
,891,1757
,892,1666
,893,1781
,894,1697
,895,1628
,896,1679
,897,1668
,898,1651
,899,1685
,900,1685
,901,1596
,902,1625
,903,1576
,904,1603
,905,1522
,906,1584
,907,1525
,908,1526
,909,1511
,910,1501
,911,1562
,912,1537
,913,1532
,914,1550
,915,1561
,916,1551
,917,1579
,918,1553
,919,1554
,920,1495
,921,1586
,922,1555
,923,1493
,924,1496
,925,1453
,926,1531
,927,1429
,928,1525
,929,1406
,930,1389
,931,1351
,932,1374
,933,1332
,934,1302
,935,1308
,936,1321
,937,1307
,938,1317
,939,1222
,940,1243
,941,1282
,942,1193
,943,1224
,944,1162
,945,1143
,946,1188
,947,1061
,948,1081
,949,1025
,950,998
,951,900
,952,824
,953,902
,954,912
,955,831
,956,826
,957,849
,958,879
,959,812
,960,835
,961,848
,962,804
,963,913
,964,855
,965,1013
,966,977
,967,1108
,968,1084
,969,1198
,970,1462
,971,1409
,972,1311
,973,1327
,974,1309
,975,1559
,976,1390
,977,1289
,978,1341
,979,1696
,980,1700
,981,1906
,982,2215
,983,2468
,984,2925
,985,3294
,986,2978
,987,3129
,988,3162
,989,3118
,990,2493
,991,2204
,992,2257
,993,1595
,994,1487
,995,1394
,996,1330
,997,1214
,998,1048
,999,739
,1000,346
