"Rowid_","VALUE_","COUNT_"
,0,1170334
,1,1510525
,2,1153639
,3,1027403
,4,1054004
,5,919048
,6,988829
,7,1002618
,8,993578
,9,988558
,10,944936
,11,898264
,12,866938
,13,827244
,14,786669
,15,756791
,16,727891
,17,703564
,18,677160
,19,654716
,20,637420
,21,622651
,22,611659
,23,603659
,24,596502
,25,587777
,26,586044
,27,583095
,28,581631
,29,580121
,30,578954
,31,577501
,32,574323
,33,569663
,34,564393
,35,561298
,36,562251
,37,565354
,38,566726
,39,568653
,40,567831
,41,569019
,42,568009
,43,567008
,44,566982
,45,568233
,46,577938
,47,584177
,48,587828
,49,591065
,50,588114
,51,586649
,52,583813
,53,582735
,54,578754
,55,576887
,56,576506
,57,571066
,58,564976
,59,555092
,60,548459
,61,545837
,62,539206
,63,533630
,64,535479
,65,542920
,66,559127
,67,572161
,68,579745
,69,600036
,70,615421
,71,635441
,72,645428
,73,658076
,74,672445
,75,687113
,76,677132
,77,655188
,78,638066
,79,625492
,80,610290
,81,597353
,82,582947
,83,556043
,84,526951
,85,492144
,86,468354
,87,446352
,88,423725
,89,402500
,90,390206
,91,382287
,92,374753
,93,371218
,94,365916
,95,361276
,96,358877
,97,355472
,98,354974
,99,350574
,100,346994
,101,344304
,102,341850
,103,340087
,104,337853
,105,335927
,106,334638
,107,332199
,108,330907
,109,329836
,110,328971
,111,328013
,112,327059
,113,324102
,114,323938
,115,321879
,116,322665
,117,320863
,118,320395
,119,318719
,120,317430
,121,319097
,122,317447
,123,316987
,124,316943
,125,313400
,126,312655
,127,312029
,128,312055
,129,311163
,130,307105
,131,306806
,132,305105
,133,302973
,134,300970
,135,298521
,136,297340
,137,296516
,138,293571
,139,292335
,140,290977
,141,289210
,142,286299
,143,286760
,144,284506
,145,282019
,146,280372
,147,278855
,148,276224
,149,274435
,150,272502
,151,272366
,152,269725
,153,268718
,154,265787
,155,265389
,156,265386
,157,263219
,158,262043
,159,260129
,160,258141
,161,257247
,162,254981
,163,254830
,164,252799
,165,251057
,166,250665
,167,248861
,168,247643
,169,246189
,170,244903
,171,243379
,172,241293
,173,240211
,174,239644
,175,236863
,176,235670
,177,234903
,178,233192
,179,233048
,180,230407
,181,229705
,182,228018
,183,226607
,184,224725
,185,223170
,186,221983
,187,220342
,188,219335
,189,218992
,190,216474
,191,216587
,192,213739
,193,213332
,194,211487
,195,211224
,196,210197
,197,209297
,198,207783
,199,206688
,200,204577
,201,204710
,202,203189
,203,202173
,204,201457
,205,200058
,206,199091
,207,197743
,208,195807
,209,195411
,210,194300
,211,193858
,212,191629
,213,190646
,214,189430
,215,188568
,216,188496
,217,186417
,218,185262
,219,184090
,220,182796
,221,183356
,222,181561
,223,180582
,224,179769
,225,178480
,226,178308
,227,176662
,228,175797
,229,174733
,230,173088
,231,172433
,232,171348
,233,171364
,234,169386
,235,168743
,236,168832
,237,166160
,238,165944
,239,165266
,240,163206
,241,163406
,242,160886
,243,161921
,244,159765
,245,158851
,246,157895
,247,156538
,248,156121
,249,154949
,250,307758
,252,304454
,254,151925
,255,149659
,256,149237
,257,147854
,258,147006
,259,147294
,260,145668
,261,145203
,262,144016
,263,143791
,264,143428
,265,142094
,266,141175
,267,140252
,268,140431
,269,139450
,270,137719
,271,137817
,272,137021
,273,136796
,274,135855
,275,135337
,276,133912
,277,133355
,278,133279
,279,132362
,280,131546
,281,131557
,282,130167
,283,129608
,284,129939
,285,128965
,286,128748
,287,127806
,288,126957
,289,127387
,290,126793
,291,126653
,292,125455
,293,126075
,294,124922
,295,124332
,296,124709
,297,123523
,298,123429
,299,123290
,300,123662
,301,123079
,302,121745
,303,122142
,304,122102
,305,121456
,306,121810
,307,121454
,308,120750
,309,121656
,310,120016
,311,121687
,312,120275
,313,120699
,314,120700
,315,119765
,316,120256
,317,118504
,318,119190
,319,119423
,320,119397
,321,119119
,322,118898
,323,118910
,324,117961
,325,118061
,326,118813
,327,117878
,328,118070
,329,117740
,330,117638
,331,117928
,332,117253
,333,117261
,334,116766
,335,115835
,336,116492
,337,115491
,338,115315
,339,115641
,340,115346
,341,115532
,342,114814
,343,114301
,344,115260
,345,113291
,346,114617
,347,113537
,348,114226
,349,113330
,350,112566
,351,112988
,352,113131
,353,113358
,354,112425
,355,111876
,356,112891
,357,112158
,358,111216
,359,110710
,360,110243
,361,110901
,362,110324
,363,110813
,364,110942
,365,110793
,366,110574
,367,109509
,368,109983
,369,110206
,370,109349
,371,108696
,372,108725
,373,108707
,374,108900
,375,106948
,376,107848
,377,107036
,378,106706
,379,107520
,380,106616
,381,106953
,382,105764
,383,105548
,384,105265
,385,104414
,386,104279
,387,103388
,388,102794
,389,103080
,390,102112
,391,101779
,392,101723
,393,101361
,394,100857
,395,100302
,396,100168
,397,99430
,398,98945
,399,99093
,400,98526
,401,98491
,402,97679
,403,97697
,404,97707
,405,96518
,406,97104
,407,95857
,408,96707
,409,95846
,410,95368
,411,95415
,412,95537
,413,94821
,414,95061
,415,94181
,416,94490
,417,94263
,418,93378
,419,93709
,420,93935
,421,93559
,422,92776
,423,93437
,424,93833
,425,93487
,426,93901
,427,93674
,428,94057
,429,93565
,430,92903
,431,93837
,432,93322
,433,93163
,434,93513
,435,93388
,436,92890
,437,91944
,438,92506
,439,92593
,440,91885
,441,91701
,442,90615
,443,91160
,444,91508
,445,91249
,446,91318
,447,90243
,448,90092
,449,90964
,450,90047
,451,90488
,452,90338
,453,90156
,454,89549
,455,90227
,456,90332
,457,89842
,458,89791
,459,90145
,460,90980
,461,91266
,462,90491
,463,90308
,464,90538
,465,90853
,466,90030
,467,89331
,468,89181
,469,89621
,470,89823
,471,89785
,472,89530
,473,89166
,474,89452
,475,88782
,476,88810
,477,88507
,478,88534
,479,88326
,480,87574
,481,88324
,482,87671
,483,87950
,484,88077
,485,86531
,486,86792
,487,87450
,488,86876
,489,86322
,490,85813
,491,86451
,492,86381
,493,86818
,494,86775
,495,86509
,496,87223
,497,87229
,498,87539
,499,88802
,500,88456
,501,176367
,503,88242
,504,89148
,505,177023
,507,88606
,508,88382
,509,89327
,510,193698
,512,103446
,513,90779
,514,87210
,515,86420
,516,88212
,517,86344
,518,86610
,519,86248
,520,84558
,521,86737
,522,86297
,523,86540
,524,87233
,525,86912
,526,87304
,527,87901
,528,87693
,529,88033
,530,88873
,531,88747
,532,88377
,533,89060
,534,88169
,535,89396
,536,89910
,537,88715
,538,89110
,539,88898
,540,89205
,541,88814
,542,89068
,543,89168
,544,88317
,545,88864
,546,88680
,547,89069
,548,89056
,549,88833
,550,88443
,551,88656
,552,88690
,553,88231
,554,88974
,555,88533
,556,89390
,557,88553
,558,88512
,559,91763
,560,94203
,561,113117
,562,111437
,563,91890
,564,83801
,565,84124
,566,85624
,567,85375
,568,83895
,569,83219
,570,83090
,571,83478
,572,84212
,573,85132
,574,86683
,575,87099
,576,88340
,577,88741
,578,88773
,579,90238
,580,88103
,581,87756
,582,88198
,583,87524
,584,87776
,585,87060
,586,87859
,587,86821
,588,87015
,589,86539
,590,86101
,591,85606
,592,86177
,593,85750
,594,85331
,595,84957
,596,85199
,597,84397
,598,84447
,599,84965
,600,83956
,601,84112
,602,83339
,603,82691
,604,83544
,605,82574
,606,83172
,607,82752
,608,83318
,609,84754
,610,87149
,611,108269
,612,108947
,613,86572
,614,77383
,615,76967
,616,78479
,617,77392
,618,75492
,619,74391
,620,73184
,621,74472
,622,74972
,623,75251
,624,76070
,625,76521
,626,77248
,627,77662
,628,78717
,629,78656
,630,77376
,631,76140
,632,75558
,633,75263
,634,76191
,635,75055
,636,74527
,637,73944
,638,73842
,639,73336
,640,73024
,641,72490
,642,72227
,643,72089
,644,71366
,645,70751
,646,70730
,647,71087
,648,70149
,649,70897
,650,69484
,651,69727
,652,68904
,653,68846
,654,69324
,655,68355
,656,68342
,657,67797
,658,68712
,659,70207
,660,71320
,661,86671
,662,87763
,663,72394
,664,62635
,665,60421
,666,61505
,667,60163
,668,59450
,669,57889
,670,57409
,671,57679
,672,57761
,673,58860
,674,60082
,675,60250
,676,60054
,677,60599
,678,62004
,679,60677
,680,60285
,681,60396
,682,61075
,683,60432
,684,61047
,685,60588
,686,61177
,687,61425
,688,61115
,689,62049
,690,60686
,691,61665
,692,60711
,693,60660
,694,60663
,695,60393
,696,60528
,697,61101
,698,60637
,699,59825
,700,59510
,701,59006
,702,59034
,703,58039
,704,58453
,705,57699
,706,56979
,707,57519
,708,59857
,709,61467
,710,63285
,711,70690
,712,69861
,713,62761
,714,52161
,715,50459
,716,52232
,717,50385
,718,50278
,719,50833
,720,50916
,721,51848
,722,52550
,723,53565
,724,54269
,725,54892
,726,56354
,727,56967
,728,58835
,729,56639
,730,55831
,731,56375
,732,56135
,733,55875
,734,56131
,735,55428
,736,55318
,737,55397
,738,55245
,739,54830
,740,55039
,741,56091
,742,55465
,743,55936
,744,55769
,745,54997
,746,55008
,747,55117
,748,54746
,749,55364
,750,54766
,751,54888
,752,54813
,753,55169
,754,55630
,755,55052
,756,54649
,757,54354
,758,64174
,759,67422
,760,79804
,761,71672
,762,64534
,763,59410
,764,51157
,765,50182
,766,50064
,767,49218
,768,48645
,769,48386
,770,47414
,771,47374
,772,48739
,773,49981
,774,49909
,775,48826
,776,49102
,777,50016
,778,53939
,779,48148
,780,48307
,781,48259
,782,47191
,783,46283
,784,45690
,785,44332
,786,43042
,787,42182
,788,40527
,789,39601
,790,39051
,791,39138
,792,38058
,793,37034
,794,36129
,795,35969
,796,35434
,797,34546
,798,34200
,799,33497
,800,33079
,801,32783
,802,32251
,803,32369
,804,31603
,805,30614
,806,30278
,807,29420
,808,29211
,809,28595
,810,28345
,811,27832
,812,27094
,813,26667
,814,24750
,815,24140
,816,23851
,817,23102
,818,22695
,819,22112
,820,21892
,821,21402
,822,21011
,823,20379
,824,20044
,825,19670
,826,19403
,827,19099
,828,19027
,829,18464
,830,18280
,831,18377
,832,18320
,833,18064
,834,18227
,835,17823
,836,17646
,837,17936
,838,17921
,839,18022
,840,17651
,841,17967
,842,17487
,843,17561
,844,17470
,845,17232
,846,17255
,847,17271
,848,17036
,849,16652
,850,16504
,851,16467
,852,16461
,853,16485
,854,16461
,855,16086
,856,16166
,857,16002
,858,16219
,859,16091
,860,15687
,861,15847
,862,15752
,863,15450
,864,15536
,865,15084
,866,15460
,867,15180
,868,14859
,869,14913
,870,14696
,871,14754
,872,14300
,873,14588
,874,14440
,875,13822
,876,14174
,877,13960
,878,13941
,879,14164
,880,13735
,881,13866
,882,13885
,883,13828
,884,13898
,885,13568
,886,13713
,887,13782
,888,13390
,889,13580
,890,13131
,891,13178
,892,13312
,893,13171
,894,13139
,895,12675
,896,12988
,897,12761
,898,12728
,899,12631
,900,12593
,901,12382
,902,12231
,903,12099
,904,12102
,905,11653
,906,11686
,907,11281
,908,11716
,909,11029
,910,10923
,911,10717
,912,10152
,913,10196
,914,10263
,915,9732
,916,9579
,917,9203
,918,9055
,919,8832
,920,8324
,921,8237
,922,7904
,923,7643
,924,7585
,925,7127
,926,6848
,927,6837
,928,6404
,929,6167
,930,5955
,931,5807
,932,5370
,933,5290
,934,5014
,935,4733
,936,4440
,937,4353
,938,4354
,939,4100
,940,3961
,941,3715
,942,3741
,943,3466
,944,3519
,945,3333
,946,3358
,947,3150
,948,2982
,949,2970
,950,2813
,951,2753
,952,2687
,953,2664
,954,2457
,955,2316
,956,2426
,957,2289
,958,2287
,959,2335
,960,2239
,961,2460
,962,2537
,963,2771
,964,3127
,965,3692
,966,3723
,967,4375
,968,4469
,969,4656
,970,4672
,971,4838
,972,5554
,973,6036
,974,6687
,975,6455
,976,6255
,977,6842
,978,8046
,979,8324
,980,8899
,981,8852
,982,9495
,983,9831
,984,9769
,985,10491
,986,9270
,987,9599
,988,9667
,989,9392
,990,7687
,991,7052
,992,6111
,993,4411
,994,3790
,995,2687
,996,1927
,997,1261
,998,1023
,999,754
,1000,370
