"Rowid_","VALUE_","COUNT_"
,0,24719832
,1,1396
,2,454
,3,60955
,4,528936
,5,331693
,6,230877
,7,170321
,8,129826
,9,103205
,10,84116
,11,68979
,12,57283
,13,48900
,14,42429
,15,37037
,16,32389
,17,28980
,18,26284
,19,23256
,20,21513
,21,18992
,22,16928
,23,15468
,24,13648
,25,12276
,26,11337
,27,10892
,28,9774
,29,8848
,30,8211
,31,7805
,32,7240
,33,6785
,34,6389
,35,6143
,36,5905
,37,5542
,38,5318
,39,4987
,40,4609
,41,4429
,42,4228
,43,4172
,44,4067
,45,3853
,46,3726
,47,3526
,48,3445
,49,3326
,50,3228
,51,3074
,52,2874
,53,2941
,54,2812
,55,2618
,56,2614
,57,2406
,58,2393
,59,2390
,60,2166
,61,2144
,62,2086
,63,2053
,64,1920
,65,1947
,66,1894
,67,1708
,68,1758
,69,1755
,70,1812
,71,1691
,72,1591
,73,1628
,74,1616
,75,1613
,76,1494
,77,1481
,78,1423
,79,1428
,80,1464
,81,1312
,82,1323
,83,1265
,84,1231
,85,1203
,86,1233
,87,1201
,88,1186
,89,1142
,90,1114
,91,1087
,92,1058
,93,1109
,94,1049
,95,1076
,96,1052
,97,1037
,98,1012
,99,968
,100,1027
,101,865
,102,883
,103,870
,104,929
,105,795
,106,864
,107,760
,108,778
,109,789
,110,844
,111,703
,112,727
,113,709
,114,744
,115,673
,116,700
,117,709
,118,688
,119,688
,120,681
,121,721
,122,687
,123,634
,124,614
,125,616
,126,623
,127,615
,128,585
,129,643
,130,527
,131,621
,132,533
,133,547
,134,525
,135,591
,136,532
,137,542
,138,512
,139,515
,140,506
,141,522
,142,566
,143,473
,144,455
,145,449
,146,495
,147,483
,148,468
,149,415
,150,419
,151,426
,152,472
,153,458
,154,398
,155,433
,156,397
,157,416
,158,423
,159,387
,160,395
,161,379
,162,402
,163,419
,164,397
,165,359
,166,379
,167,359
,168,382
,169,384
,170,375
,171,332
,172,333
,173,326
,174,348
,175,321
,176,316
,177,342
,178,353
,179,348
,180,327
,181,358
,182,317
,183,274
,184,305
,185,307
,186,289
,187,278
,188,288
,189,288
,190,308
,191,279
,192,309
,193,295
,194,273
,195,275
,196,296
,197,270
,198,252
,199,299
,200,235
,201,236
,202,243
,203,242
,204,227
,205,250
,206,262
,207,253
,208,236
,209,263
,210,244
,211,253
,212,238
,213,257
,214,225
,215,222
,216,209
,217,199
,218,211
,219,229
,220,217
,221,204
,222,201
,223,202
,224,222
,225,201
,226,228
,227,222
,228,192
,229,185
,230,184
,231,170
,232,187
,233,186
,234,195
,235,160
,236,195
,237,172
,238,162
,239,170
,240,174
,241,163
,242,170
,243,165
,244,154
,245,164
,246,185
,247,174
,248,160
,249,175
,250,363
,252,290
,254,165
,255,139
,256,141
,257,161
,258,136
,259,152
,260,156
,261,144
,262,135
,263,128
,264,137
,265,129
,266,138
,267,136
,268,113
,269,127
,270,136
,271,129
,272,118
,273,130
,274,125
,275,120
,276,141
,277,135
,278,128
,279,125
,280,123
,281,122
,282,122
,283,111
,284,130
,285,135
,286,119
,287,107
,288,110
,289,106
,290,109
,291,120
,292,110
,293,122
,294,106
,295,106
,296,101
,297,123
,298,96
,299,103
,300,105
,301,101
,302,104
,303,101
,304,105
,305,107
,306,92
,307,103
,308,86
,309,95
,310,107
,311,115
,312,95
,313,102
,314,92
,315,111
,316,123
,317,107
,318,93
,319,92
,320,91
,321,113
,322,93
,323,86
,324,83
,325,78
,326,85
,327,87
,328,79
,329,76
,330,90
,331,102
,332,104
,333,82
,334,90
,335,82
,336,82
,337,76
,338,82
,339,86
,340,79
,341,75
,342,81
,343,66
,344,76
,345,73
,346,86
,347,75
,348,69
,349,79
,350,63
,351,83
,352,78
,353,71
,354,76
,355,62
,356,63
,357,73
,358,64
,359,59
,360,71
,361,74
,362,51
,363,65
,364,57
,365,71
,366,65
,367,82
,368,69
,369,62
,370,69
,371,69
,372,78
,373,72
,374,66
,375,64
,376,63
,377,58
,378,51
,379,52
,380,68
,381,54
,382,53
,383,60
,384,49
,385,56
,386,58
,387,51
,388,56
,389,60
,390,53
,391,68
,392,53
,393,53
,394,59
,395,58
,396,43
,397,53
,398,52
,399,49
,400,45
,401,64
,402,51
,403,40
,404,58
,405,44
,406,46
,407,56
,408,59
,409,38
,410,50
,411,43
,412,64
,413,47
,414,36
,415,56
,416,48
,417,43
,418,42
,419,47
,420,45
,421,48
,422,40
,423,39
,424,54
,425,54
,426,40
,427,50
,428,36
,429,35
,430,33
,431,41
,432,46
,433,41
,434,48
,435,42
,436,37
,437,39
,438,43
,439,43
,440,33
,441,36
,442,34
,443,35
,444,48
,445,42
,446,38
,447,44
,448,38
,449,33
,450,39
,451,44
,452,40
,453,36
,454,35
,455,38
,456,45
,457,29
,458,44
,459,37
,460,34
,461,28
,462,44
,463,30
,464,31
,465,24
,466,43
,467,29
,468,31
,469,33
,470,38
,471,19
,472,26
,473,26
,474,43
,475,28
,476,39
,477,30
,478,29
,479,30
,480,30
,481,29
,482,33
,483,35
,484,36
,485,28
,486,38
,487,27
,488,38
,489,22
,490,31
,491,30
,492,35
,493,20
,494,24
,495,33
,496,18
,497,24
,498,31
,499,23
,500,41
,501,39
,503,20
,504,28
,505,53
,507,38
,508,24
,509,28
,510,44
,512,17
,513,20
,514,26
,515,25
,516,21
,517,27
,518,20
,519,31
,520,36
,521,36
,522,30
,523,31
,524,30
,525,28
,526,24
,527,13
,528,31
,529,26
,530,18
,531,18
,532,25
,533,22
,534,35
,535,26
,536,21
,537,20
,538,34
,539,30
,540,18
,541,19
,542,28
,543,14
,544,19
,545,33
,546,20
,547,27
,548,28
,549,28
,550,34
,551,17
,552,23
,553,24
,554,24
,555,23
,556,19
,557,20
,558,12
,559,10
,560,23
,561,16
,562,25
,563,30
,564,28
,565,23
,566,23
,567,10
,568,19
,569,14
,570,17
,571,24
,572,25
,573,18
,574,23
,575,14
,576,21
,577,22
,578,11
,579,26
,580,19
,581,14
,582,20
,583,12
,584,12
,585,9
,586,37
,587,9
,588,25
,589,18
,590,15
,591,18
,592,21
,593,20
,594,12
,595,16
,596,13
,597,13
,598,24
,599,19
,600,16
,601,15
,602,22
,603,6
,604,18
,605,18
,606,17
,607,13
,608,18
,609,20
,610,10
,611,20
,612,10
,613,11
,614,18
,615,18
,616,20
,617,12
,618,8
,619,20
,620,12
,621,11
,622,11
,623,10
,624,16
,625,19
,626,17
,627,25
,628,16
,629,13
,630,20
,631,13
,632,15
,633,19
,634,19
,635,18
,636,12
,637,22
,638,10
,639,14
,640,12
,641,19
,642,14
,643,19
,644,11
,645,19
,646,21
,647,21
,648,11
,649,9
,650,17
,651,13
,652,11
,653,17
,654,14
,655,19
,656,14
,657,14
,658,10
,659,10
,660,10
,661,11
,662,15
,663,14
,664,13
,665,13
,666,13
,667,18
,668,11
,669,13
,670,15
,671,9
,672,12
,673,14
,674,12
,675,7
,676,19
,677,21
,678,16
,679,14
,680,20
,681,20
,682,16
,683,14
,684,13
,685,10
,686,14
,687,19
,688,12
,689,9
,690,11
,691,17
,692,18
,693,10
,694,9
,695,11
,696,14
,697,19
,698,7
,699,12
,700,9
,701,15
,702,8
,703,10
,704,9
,705,7
,706,12
,707,14
,708,12
,709,16
,710,13
,711,14
,712,15
,713,8
,714,13
,715,13
,716,7
,717,12
,718,12
,719,10
,720,15
,721,7
,722,9
,723,10
,724,9
,725,8
,726,12
,727,3
,728,12
,729,11
,730,11
,731,11
,732,11
,733,14
,734,4
,735,9
,736,3
,737,13
,738,7
,739,13
,740,14
,741,18
,742,13
,743,11
,744,7
,745,10
,746,11
,747,10
,748,14
,749,15
,750,8
,751,16
,752,16
,753,18
,754,11
,755,11
,756,12
,757,12
,758,8
,759,3
,760,6
,761,11
,762,10
,763,14
,764,5
,765,12
,766,7
,767,5
,768,16
,769,12
,770,11
,771,10
,772,14
,773,7
,774,14
,775,14
,776,22
,777,8
,778,14
,779,10
,780,7
,781,12
,782,5
,783,11
,784,5
,785,12
,786,11
,787,14
,788,11
,789,5
,790,7
,791,13
,792,4
,793,18
,794,21
,795,14
,796,5
,797,9
,798,8
,799,8
,800,4
,801,9
,802,5
,803,4
,804,5
,805,9
,806,10
,807,11
,808,7
,809,7
,810,6
,811,8
,812,9
,813,13
,814,12
,815,6
,816,7
,817,13
,818,14
,819,8
,820,9
,821,12
,822,13
,823,5
,824,6
,825,9
,826,2
,827,6
,828,18
,829,7
,830,11
,831,10
,832,9
,833,9
,834,6
,835,11
,836,9
,837,9
,838,8
,839,7
,840,4
,841,12
,842,15
,843,11
,844,4
,845,7
,846,5
,847,4
,848,8
,849,5
,850,8
,851,9
,852,8
,853,4
,854,8
,855,7
,856,6
,857,13
,858,10
,859,9
,860,7
,861,9
,862,6
,863,8
,864,11
,865,8
,866,11
,867,10
,868,11
,869,8
,870,12
,871,6
,872,8
,873,6
,874,11
,875,5
,876,5
,877,14
,878,3
,879,10
,880,7
,881,7
,882,8
,883,10
,884,11
,885,13
,886,6
,887,10
,888,5
,889,8
,890,7
,891,8
,892,13
,893,6
,894,8
,895,7
,896,7
,897,7
,898,9
,899,8
,900,11
,901,10
,902,8
,903,6
,904,4
,905,6
,906,11
,907,8
,908,9
,909,7
,910,8
,911,10
,912,5
,913,12
,914,10
,915,12
,916,10
,917,8
,918,6
,919,10
,920,12
,921,12
,922,2
,923,10
,924,3
,925,3
,926,7
,927,12
,928,10
,929,6
,930,10
,931,6
,932,7
,933,2
,934,5
,935,7
,936,3
,937,5
,938,5
,939,7
,940,8
,941,6
,942,7
,943,8
,944,16
,945,18
,946,19
,947,11
,948,20
,949,19
,950,15
,951,14
,952,10
,953,11
,954,2
,955,7
,956,5
,957,9
,958,7
,959,8
,960,6
,961,13
,962,7
,963,6
,964,6
,965,5
,966,8
,967,6
,968,11
,969,10
,970,6
,971,7
,972,6
,973,5
,974,7
,975,8
,976,7
,977,5
,978,7
,979,9
,980,8
,981,5
,982,11
,983,10
,984,9
,985,19
,986,13
,987,15
,988,11
,989,10
,990,16
,991,13
,992,17
,993,24
,994,47
,995,56
,996,70
,997,130
,998,142
,999,2
