"Rowid_","VALUE_","COUNT_"
,0,126322734
,1,7066
,2,4847
,3,645491
,4,5074427
,5,3202953
,6,2175892
,7,1578195
,8,1198360
,9,942673
,10,766299
,11,634930
,12,536366
,13,458612
,14,399113
,15,349059
,16,307895
,17,274194
,18,243972
,19,220943
,20,201527
,21,182504
,22,166393
,23,153268
,24,140273
,25,128608
,26,119942
,27,113073
,28,105642
,29,99159
,30,93054
,31,88002
,32,83418
,33,78423
,34,74570
,35,70813
,36,66691
,37,63998
,38,60938
,39,58227
,40,55524
,41,54144
,42,51843
,43,48776
,44,47303
,45,46093
,46,43490
,47,41523
,48,40582
,49,39054
,50,37891
,51,36325
,52,35588
,53,34256
,54,33023
,55,32128
,56,31179
,57,30155
,58,28833
,59,28640
,60,27332
,61,26800
,62,26325
,63,25455
,64,24800
,65,23856
,66,23222
,67,22517
,68,21957
,69,21642
,70,20818
,71,20504
,72,20043
,73,19440
,74,19192
,75,18713
,76,18146
,77,17782
,78,17477
,79,16966
,80,16549
,81,16060
,82,15442
,83,14848
,84,14643
,85,14114
,86,13812
,87,13374
,88,13060
,89,12936
,90,12549
,91,12363
,92,11819
,93,11724
,94,11504
,95,11456
,96,11123
,97,10985
,98,10516
,99,10419
,100,10280
,101,10073
,102,9853
,103,9649
,104,9493
,105,9267
,106,8973
,107,9143
,108,8742
,109,8596
,110,8409
,111,8208
,112,7880
,113,7847
,114,7781
,115,7489
,116,7348
,117,7220
,118,7251
,119,7274
,120,7092
,121,6673
,122,6615
,123,6533
,124,6431
,125,6250
,126,6288
,127,6343
,128,6102
,129,5918
,130,5816
,131,5702
,132,5458
,133,5384
,134,5468
,135,5420
,136,5293
,137,5285
,138,5106
,139,4949
,140,4880
,141,4973
,142,4732
,143,4681
,144,4603
,145,4575
,146,4544
,147,4473
,148,4534
,149,4317
,150,4216
,151,4193
,152,4220
,153,4215
,154,4176
,155,4044
,156,3944
,157,3844
,158,3911
,159,3689
,160,3823
,161,3653
,162,3659
,163,3546
,164,3593
,165,3529
,166,3410
,167,3561
,168,3421
,169,3332
,170,3417
,171,3235
,172,3366
,173,3299
,174,3210
,175,3142
,176,3150
,177,3107
,178,3128
,179,3248
,180,3199
,181,3049
,182,2850
,183,3017
,184,2950
,185,2801
,186,2901
,187,2781
,188,2760
,189,2717
,190,2636
,191,2627
,192,2638
,193,2586
,194,2657
,195,2575
,196,2585
,197,2569
,198,2510
,199,2437
,200,2456
,201,2478
,202,2329
,203,2452
,204,2348
,205,2422
,206,2268
,207,2317
,208,2285
,209,2292
,210,2293
,211,2212
,212,2350
,213,2146
,214,2294
,215,2121
,216,2190
,217,2089
,218,1997
,219,2156
,220,2019
,221,2123
,222,2139
,223,1912
,224,1978
,225,2011
,226,2012
,227,1978
,228,1964
,229,1929
,230,2005
,231,1965
,232,1983
,233,1934
,234,1862
,235,1878
,236,1837
,237,1779
,238,1837
,239,1760
,240,1781
,241,1828
,242,1792
,243,1820
,244,1758
,245,1732
,246,1655
,247,1658
,248,1703
,249,1743
,250,3387
,252,3324
,254,1644
,255,1545
,256,1603
,257,1659
,258,1631
,259,1587
,260,1636
,261,1523
,262,1509
,263,1570
,264,1498
,265,1537
,266,1594
,267,1447
,268,1459
,269,1433
,270,1455
,271,1443
,272,1507
,273,1513
,274,1463
,275,1354
,276,1412
,277,1330
,278,1354
,279,1337
,280,1404
,281,1382
,282,1424
,283,1348
,284,1399
,285,1296
,286,1328
,287,1326
,288,1314
,289,1317
,290,1345
,291,1303
,292,1294
,293,1254
,294,1297
,295,1232
,296,1169
,297,1325
,298,1196
,299,1215
,300,1212
,301,1161
,302,1246
,303,1192
,304,1182
,305,1187
,306,1211
,307,1161
,308,1172
,309,1134
,310,1084
,311,1122
,312,1067
,313,1097
,314,1092
,315,1123
,316,1101
,317,1139
,318,1089
,319,1094
,320,1144
,321,1126
,322,1077
,323,1097
,324,1114
,325,1064
,326,1077
,327,1047
,328,1075
,329,1079
,330,1089
,331,1059
,332,1055
,333,1059
,334,1012
,335,1066
,336,1067
,337,1036
,338,1003
,339,1019
,340,1019
,341,960
,342,993
,343,991
,344,988
,345,986
,346,989
,347,998
,348,966
,349,968
,350,899
,351,1024
,352,956
,353,977
,354,896
,355,884
,356,972
,357,893
,358,874
,359,927
,360,958
,361,948
,362,1015
,363,950
,364,893
,365,882
,366,883
,367,818
,368,835
,369,932
,370,816
,371,839
,372,828
,373,939
,374,783
,375,813
,376,869
,377,834
,378,831
,379,789
,380,828
,381,838
,382,801
,383,791
,384,804
,385,720
,386,820
,387,791
,388,785
,389,782
,390,819
,391,789
,392,796
,393,792
,394,810
,395,782
,396,751
,397,787
,398,790
,399,727
,400,722
,401,750
,402,726
,403,724
,404,717
,405,760
,406,757
,407,749
,408,744
,409,785
,410,654
,411,792
,412,734
,413,679
,414,690
,415,700
,416,712
,417,673
,418,649
,419,701
,420,718
,421,648
,422,711
,423,717
,424,664
,425,715
,426,643
,427,716
,428,690
,429,696
,430,690
,431,693
,432,637
,433,615
,434,691
,435,616
,436,576
,437,651
,438,643
,439,603
,440,668
,441,657
,442,659
,443,657
,444,661
,445,626
,446,573
,447,613
,448,608
,449,590
,450,644
,451,621
,452,613
,453,594
,454,575
,455,616
,456,549
,457,581
,458,583
,459,624
,460,587
,461,614
,462,585
,463,612
,464,564
,465,604
,466,588
,467,601
,468,623
,469,611
,470,603
,471,569
,472,567
,473,569
,474,565
,475,599
,476,601
,477,525
,478,591
,479,562
,480,552
,481,587
,482,594
,483,521
,484,547
,485,565
,486,599
,487,572
,488,598
,489,580
,490,579
,491,564
,492,552
,493,585
,494,571
,495,542
,496,538
,497,566
,498,563
,499,549
,500,573
,501,1040
,503,540
,504,523
,505,1084
,507,543
,508,472
,509,521
,510,1034
,512,513
,513,497
,514,523
,515,521
,516,474
,517,533
,518,512
,519,506
,520,452
,521,502
,522,536
,523,490
,524,454
,525,478
,526,479
,527,480
,528,454
,529,530
,530,503
,531,453
,532,504
,533,513
,534,491
,535,483
,536,458
,537,518
,538,520
,539,521
,540,510
,541,485
,542,504
,543,447
,544,542
,545,477
,546,424
,547,506
,548,473
,549,467
,550,471
,551,440
,552,484
,553,463
,554,472
,555,467
,556,441
,557,451
,558,476
,559,461
,560,485
,561,448
,562,446
,563,438
,564,486
,565,506
,566,493
,567,513
,568,499
,569,460
,570,473
,571,428
,572,434
,573,464
,574,420
,575,429
,576,428
,577,450
,578,428
,579,397
,580,436
,581,400
,582,417
,583,425
,584,431
,585,433
,586,446
,587,384
,588,401
,589,378
,590,425
,591,435
,592,407
,593,421
,594,456
,595,440
,596,422
,597,451
,598,344
,599,428
,600,428
,601,433
,602,462
,603,420
,604,434
,605,431
,606,430
,607,452
,608,419
,609,397
,610,474
,611,387
,612,431
,613,439
,614,431
,615,384
,616,456
,617,450
,618,432
,619,411
,620,410
,621,428
,622,411
,623,441
,624,388
,625,431
,626,423
,627,397
,628,427
,629,415
,630,394
,631,455
,632,436
,633,428
,634,437
,635,458
,636,407
,637,459
,638,438
,639,415
,640,430
,641,397
,642,420
,643,435
,644,407
,645,411
,646,460
,647,408
,648,418
,649,427
,650,398
,651,410
,652,356
,653,399
,654,426
,655,388
,656,404
,657,400
,658,437
,659,415
,660,390
,661,416
,662,415
,663,387
,664,389
,665,402
,666,388
,667,361
,668,420
,669,368
,670,411
,671,419
,672,425
,673,434
,674,443
,675,430
,676,427
,677,381
,678,430
,679,417
,680,417
,681,392
,682,418
,683,423
,684,429
,685,447
,686,413
,687,424
,688,426
,689,394
,690,428
,691,416
,692,409
,693,423
,694,420
,695,465
,696,406
,697,413
,698,455
,699,448
,700,425
,701,435
,702,437
,703,400
,704,454
,705,458
,706,443
,707,415
,708,419
,709,432
,710,416
,711,412
,712,446
,713,383
,714,412
,715,408
,716,399
,717,392
,718,411
,719,382
,720,406
,721,408
,722,403
,723,385
,724,426
,725,375
,726,371
,727,434
,728,385
,729,391
,730,393
,731,385
,732,400
,733,400
,734,436
,735,428
,736,398
,737,435
,738,419
,739,440
,740,466
,741,390
,742,451
,743,454
,744,441
,745,425
,746,461
,747,406
,748,407
,749,427
,750,440
,751,446
,752,446
,753,450
,754,462
,755,455
,756,483
,757,466
,758,418
,759,429
,760,462
,761,445
,762,424
,763,433
,764,423
,765,441
,766,439
,767,405
,768,435
,769,445
,770,446
,771,439
,772,480
,773,470
,774,452
,775,449
,776,406
,777,429
,778,452
,779,395
,780,424
,781,431
,782,454
,783,422
,784,434
,785,460
,786,458
,787,501
,788,418
,789,459
,790,486
,791,527
,792,493
,793,434
,794,481
,795,510
,796,428
,797,475
,798,457
,799,481
,800,469
,801,491
,802,459
,803,532
,804,501
,805,497
,806,517
,807,521
,808,507
,809,491
,810,529
,811,514
,812,542
,813,513
,814,501
,815,524
,816,514
,817,474
,818,502
,819,513
,820,472
,821,496
,822,502
,823,508
,824,513
,825,503
,826,500
,827,471
,828,501
,829,470
,830,495
,831,546
,832,551
,833,528
,834,510
,835,504
,836,527
,837,497
,838,541
,839,533
,840,530
,841,567
,842,508
,843,552
,844,564
,845,521
,846,577
,847,536
,848,565
,849,538
,850,541
,851,518
,852,595
,853,544
,854,570
,855,553
,856,563
,857,578
,858,594
,859,571
,860,565
,861,592
,862,579
,863,563
,864,584
,865,578
,866,599
,867,615
,868,580
,869,599
,870,618
,871,629
,872,629
,873,613
,874,568
,875,609
,876,611
,877,654
,878,645
,879,613
,880,633
,881,617
,882,672
,883,668
,884,663
,885,617
,886,664
,887,634
,888,657
,889,643
,890,613
,891,574
,892,626
,893,574
,894,596
,895,634
,896,611
,897,663
,898,623
,899,704
,900,636
,901,593
,902,581
,903,569
,904,619
,905,640
,906,647
,907,683
,908,618
,909,646
,910,656
,911,646
,912,701
,913,699
,914,786
,915,723
,916,720
,917,737
,918,715
,919,685
,920,756
,921,743
,922,720
,923,717
,924,786
,925,753
,926,822
,927,810
,928,807
,929,773
,930,744
,931,736
,932,767
,933,811
,934,849
,935,872
,936,899
,937,917
,938,896
,939,880
,940,1050
,941,1010
,942,1013
,943,963
,944,927
,945,997
,946,957
,947,922
,948,1035
,949,950
,950,1011
,951,1061
,952,1046
,953,1078
,954,1060
,955,1043
,956,1084
,957,1076
,958,1063
,959,1037
,960,1075
,961,1014
,962,1070
,963,1048
,964,1107
,965,1018
,966,1080
,967,1010
,968,1017
,969,1010
,970,964
,971,1047
,972,984
,973,1048
,974,935
,975,921
,976,928
,977,845
,978,849
,979,743
,980,757
,981,860
,982,794
,983,709
,984,655
,985,708
,986,669
,987,683
,988,697
,989,665
,990,710
,991,650
,992,715
,993,748
,994,775
,995,999
,996,1310
,997,1838
,998,2565
,999,112
,1000,19
